851968 0
851969 1
851970 2
851971 3
851972 4
851973 5
851974 6
851975 7
851976 8
851977 9
851978 10
851979 11
851980 12
851981 13
851982 14
851983 15
851984 16
851985 17
851986 18
851987 19
851988 20
851989 21
851990 22
851991 23
851992 24
851993 25
851994 26
851995 27
851996 28
851997 29
851998 30
100499482 31
852000 32
852001 33
852002 34
852003 35
852004 36
851999 37
852006 38
852007 39
852008 40
852009 41
852011 42
852012 43
852013 44
131118 45
852014 46
852015 47
852016 48
852017 49
852018 50
852019 51
852020 52
852021 53
852023 54
852024 55
852025 56
852026 57
852028 58
852030 59
852031 60
852032 61
852033 62
852034 63
852035 64
852037 65
852038 66
852039 67
852041 68
852042 69
852044 70
852045 71
852046 72
852047 73
852048 74
852049 75
852050 76
852051 77
852053 78
852054 79
852057 80
852058 81
852059 82
852060 83
852061 84
852062 85
852063 86
852064 87
852065 88
852066 89
393313 90
852068 91
852069 92
852070 93
852071 94
852072 95
852073 96
852074 97
852075 98
852076 99
852077 100
852079 101
852080 102
852081 103
852082 104
852083 105
852084 106
852086 107
852087 108
852088 109
852089 110
852090 111
852091 112
852092 113
852093 114
852094 115
852095 116
852096 117
852097 118
852098 119
852099 120
852100 121
852101 122
852102 123
852104 124
852105 125
852106 126
852107 127
852108 128
852109 129
142 130
852110 131
852111 132
852112 133
852113 134
852114 135
852116 136
852117 137
852115 138
852119 139
852121 140
852122 141
852123 142
852124 143
852125 144
852126 145
852127 146
852128 147
852129 148
852130 149
852131 150
852133 151
852134 152
852135 153
852136 154
852138 155
852139 156
852141 157
852142 158
852143 159
852144 160
852145 161
852146 162
852147 163
852149 164
852150 165
852152 166
852153 167
852154 168
852155 169
852158 170
852159 171
852160 172
852161 173
852167 174
852168 175
852169 176
852170 177
852171 178
852172 179
852173 180
852174 181
852176 182
852177 183
852179 184
852180 185
852181 186
215 187
852184 188
852185 189
852186 190
852187 191
852188 192
852189 193
852190 194
852191 195
852192 196
852193 197
852194 198
225 199
852196 200
852197 201
852198 202
852199 203
852200 204
852202 205
852203 206
852205 207
852206 208
852207 209
852209 210
852211 211
852212 212
852214 213
852215 214
852216 215
852218 216
852219 217
852220 218
852221 219
852222 220
852223 221
852224 222
852225 223
852226 224
852228 225
852229 226
852230 227
852231 228
852233 229
852234 230
852235 231
852236 232
852237 233
852238 234
852239 235
852240 236
852241 237
852242 238
852243 239
852244 240
852245 241
852246 242
852247 243
852248 244
852249 245
852250 246
852251 247
852252 248
852253 249
852254 250
852255 251
852256 252
852257 253
852258 254
852259 255
852260 256
852261 257
852262 258
852263 259
852264 260
852265 261
852266 262
852268 263
852269 264
852270 265
852271 266
852273 267
852274 268
852275 269
852276 270
852277 271
852278 272
852279 273
852280 274
852282 275
852283 276
852284 277
852285 278
852286 279
852287 280
852288 281
852289 282
852290 283
852291 284
852292 285
852293 286
852294 287
852295 288
852296 289
852298 290
852299 291
852300 292
852301 293
852302 294
852303 295
852304 296
852305 297
852306 298
852307 299
852308 300
852309 301
852310 302
852311 303
852312 304
852313 305
852314 306
338 307
852316 308
852317 309
852318 310
852319 311
852321 312
852322 313
852323 314
852324 315
852325 316
852326 317
852327 318
852328 319
852329 320
852330 321
852331 322
852332 323
852333 324
852334 325
852335 326
852336 327
852337 328
852338 329
852340 330
852341 331
852342 332
375 333
852343 334
852344 335
852346 336
852347 337
852348 338
852349 339
852350 340
852351 341
852352 342
852353 343
852354 344
387 345
382 346
852357 347
852358 348
852359 349
852360 350
852361 351
852362 352
852356 353
852364 354
852365 355
852366 356
852363 357
852368 358
852369 359
852370 360
852371 361
852372 362
852373 363
852374 364
852375 365
852376 366
852377 367
852378 368
852379 369
852380 370
852381 371
852382 372
852383 373
852385 374
852386 375
852387 376
852388 377
852389 378
852390 379
852391 380
852392 381
852393 382
852394 383
852395 384
852397 385
852398 386
852399 387
852401 388
852402 389
852403 390
852404 391
852405 392
852406 393
852407 394
852408 395
3637683 396
852410 397
852411 398
852412 399
852414 400
852415 401
852416 402
852417 403
852418 404
852419 405
852421 406
852422 407
852423 408
852424 409
852425 410
852426 411
852427 412
852428 413
852429 414
852431 415
852432 416
852433 417
852434 418
852435 419
852436 420
852437 421
852438 422
852439 423
852440 424
472 425
852442 426
852443 427
852444 428
852445 429
852446 430
852447 431
852448 432
852449 433
852450 434
852451 435
852452 436
852453 437
852454 438
852455 439
852456 440
852457 441
852458 442
852459 443
852460 444
852461 445
852462 446
852463 447
852464 448
852465 449
852466 450
852467 451
852468 452
852469 453
852470 454
852471 455
852472 456
852474 457
852476 458
852477 459
852478 460
852479 461
852480 462
852481 463
852482 464
852483 465
852484 466
852485 467
852486 468
852487 469
852489 470
852491 471
852492 472
852493 473
852494 474
852495 475
852496 476
852497 477
852498 478
852499 479
852500 480
852501 481
852502 482
852503 483
852504 484
852506 485
852507 486
852509 487
852510 488
852511 489
852512 490
852513 491
546 492
852514 493
852515 494
852516 495
852517 496
852518 497
852519 498
852520 499
852522 500
852523 501
852521 502
852525 503
852526 504
852528 505
852529 506
852530 507
852531 508
852532 509
852533 510
852535 511
852536 512
852537 513
852538 514
852539 515
852540 516
852541 517
852542 518
852543 519
852544 520
852545 521
852546 522
852547 523
852548 524
581 525
852549 526
852550 527
852551 528
852553 529
852554 530
852555 531
852556 532
852557 533
852558 534
852559 535
852560 536
852561 537
852562 538
852563 539
852564 540
852565 541
852566 542
852567 543
852568 544
852569 545
852571 546
852572 547
852573 548
852574 549
852575 550
852576 551
852577 552
852578 553
852579 554
852580 555
8618592 556
852582 557
852583 558
852584 559
852585 560
852586 561
852587 562
852588 563
852589 564
852590 565
852591 566
852592 567
852593 568
852594 569
852596 570
852597 571
852598 572
852599 573
852600 574
852601 575
852602 576
852603 577
852605 578
852606 579
852607 580
852608 581
852609 582
852610 583
852611 584
852612 585
641 586
852614 587
852615 588
852616 589
852617 590
852618 591
852619 592
852620 593
852621 594
852622 595
852623 596
852624 597
852625 598
852626 599
852628 600
852629 601
852630 602
852631 603
852632 604
665 605
852634 606
852635 607
852636 608
852637 609
852638 610
852639 611
672 612
852640 613
852641 614
852643 615
852644 616
852645 617
852646 618
852647 619
852648 620
852649 621
852650 622
852642 623
852652 624
852651 625
852654 626
852655 627
852657 628
852659 629
852660 630
852661 631
852662 632
852663 633
852664 634
852665 635
852666 636
852667 637
852670 638
852672 639
852673 640
852675 641
852676 642
852678 643
852679 644
852680 645
852681 646
852682 647
852683 648
852684 649
852685 650
852686 651
852688 652
852689 653
852690 654
852691 655
852692 656
852694 657
852695 658
852696 659
852697 660
852699 661
852700 662
852701 663
852702 664
852703 665
852704 666
852705 667
852707 668
852708 669
852709 670
852710 671
852712 672
852713 673
852714 674
852715 675
852716 676
852717 677
852719 678
852720 679
852721 680
852722 681
852723 682
852724 683
852726 684
852728 685
852729 686
852730 687
852731 688
852732 689
852733 690
852734 691
852735 692
852736 693
852737 694
852738 695
852739 696
852740 697
852741 698
852742 699
852743 700
852744 701
852746 702
852747 703
852748 704
852749 705
852750 706
852751 707
852752 708
852753 709
852754 710
852755 711
852756 712
852757 713
852758 714
852759 715
852761 716
852762 717
852763 718
852764 719
852765 720
852766 721
852767 722
852768 723
852770 724
852771 725
852772 726
852773 727
852774 728
852775 729
853349 730
852777 731
852778 732
852779 733
852780 734
852782 735
852783 736
852784 737
852785 738
852786 739
852787 740
852788 741
852789 742
852790 743
852791 744
852793 745
852794 746
852795 747
852796 748
852797 749
852798 750
852799 751
852800 752
852801 753
852802 754
852803 755
852804 756
852805 757
852806 758
831 759
852809 760
852810 761
843 762
852811 763
852813 764
852814 765
852815 766
852816 767
852817 768
852818 769
852819 770
852820 771
852821 772
852822 773
852823 774
852824 775
852825 776
852826 777
852828 778
852830 779
852831 780
852832 781
852833 782
852834 783
852835 784
852837 785
852838 786
852839 787
852842 788
875 789
852844 790
852845 791
852846 792
852843 793
852848 794
852847 795
852850 796
852851 797
852852 798
852853 799
852854 800
852855 801
852856 802
852857 803
852858 804
890 805
852860 806
852861 807
852862 808
852863 809
852864 810
852865 811
852866 812
852867 813
852868 814
852869 815
852870 816
852871 817
852872 818
852873 819
852874 820
852875 821
852876 822
852878 823
852879 824
852880 825
852881 826
852882 827
852883 828
852884 829
852885 830
852886 831
852887 832
852888 833
852889 834
852890 835
852891 836
852892 837
852893 838
852895 839
852896 840
852897 841
852898 842
852899 843
852900 844
852902 845
852903 846
852904 847
852905 848
852907 849
852908 850
852910 851
852911 852
852912 853
852913 854
852915 855
852916 856
852917 857
852918 858
852919 859
852920 860
852921 861
852922 862
852923 863
852924 864
852925 865
852926 866
852928 867
852929 868
852931 869
852932 870
852933 871
852934 872
852935 873
852937 874
852938 875
852939 876
852940 877
852943 878
852944 879
852945 880
852946 881
852947 882
852948 883
852949 884
852950 885
983 886
852951 887
852952 888
852953 889
852955 890
852956 891
852957 892
852958 893
989 894
852960 895
852961 896
852962 897
852963 898
852964 899
997 900
852966 901
852967 902
852968 903
852969 904
852970 905
852971 906
852972 907
852973 908
852974 909
852975 910
852976 911
852977 912
852978 913
852979 914
852980 915
852981 916
852982 917
852983 918
852984 919
1017 920
852985 921
852986 922
852987 923
852988 924
852989 925
852990 926
852991 927
852993 928
852994 929
852995 930
852996 931
852997 932
852998 933
852992 934
853002 935
853003 936
853005 937
853006 938
853007 939
853008 940
853009 941
853010 942
853011 943
853014 944
853015 945
853016 946
853017 947
853019 948
853020 949
853022 950
853023 951
853025 952
853026 953
853027 954
853028 955
853029 956
853030 957
853031 958
853032 959
853033 960
853034 961
853035 962
853036 963
853037 964
853039 965
853041 966
853042 967
853043 968
853045 969
853047 970
853048 971
853049 972
853050 973
853051 974
853052 975
853053 976
853056 977
853057 978
853058 979
853059 980
853060 981
853061 982
853062 983
853064 984
853065 985
853066 986
853067 987
853068 988
853069 989
853071 990
853072 991
1104 992
853074 993
853075 994
853076 995
853077 996
853078 997
1111 998
853079 999
853080 1000
853081 1001
853082 1002
853083 1003
853085 1004
853086 1005
853088 1006
853089 1007
853090 1008
853091 1009
853093 1010
853095 1011
853096 1012
853097 1013
853098 1014
853099 1015
853100 1016
853102 1017
853104 1018
853106 1019
853107 1020
853108 1021
853109 1022
853110 1023
853111 1024
853112 1025
853113 1026
853114 1027
853115 1028
853116 1029
853117 1030
853118 1031
853119 1032
853120 1033
853121 1034
853122 1035
853123 1036
853124 1037
853125 1038
853126 1039
853127 1040
853128 1041
853129 1042
853130 1043
853131 1044
853133 1045
853135 1046
853136 1047
853137 1048
853138 1049
853139 1050
853140 1051
853142 1052
853144 1053
853145 1054
853146 1055
853147 1056
853148 1057
853149 1058
853150 1059
853151 1060
853152 1061
853153 1062
853154 1063
853155 1064
853157 1065
853158 1066
853159 1067
853160 1068
853161 1069
853162 1070
853163 1071
853164 1072
853165 1073
853166 1074
853167 1075
853168 1076
853169 1077
853170 1078
853171 1079
853172 1080
853173 1081
853174 1082
853175 1083
853177 1084
853178 1085
853179 1086
853181 1087
853182 1088
853183 1089
853185 1090
853186 1091
853187 1092
853188 1093
853190 1094
853191 1095
853192 1096
853193 1097
853194 1098
853195 1099
853196 1100
853197 1101
853198 1102
853199 1103
853200 1104
853201 1105
853202 1106
853203 1107
853204 1108
853205 1109
853207 1110
853209 1111
853210 1112
853212 1113
853213 1114
853214 1115
853216 1116
853217 1117
853218 1118
853219 1119
853221 1120
853222 1121
853223 1122
853224 1123
853225 1124
853226 1125
853227 1126
853229 1127
853230 1128
853231 1129
853232 1130
853233 1131
853236 1132
853237 1133
853238 1134
853239 1135
853241 1136
853242 1137
853243 1138
853244 1139
853246 1140
853247 1141
853248 1142
853249 1143
853250 1144
853252 1145
853253 1146
853254 1147
853255 1148
853256 1149
853257 1150
853259 1151
853260 1152
853261 1153
853262 1154
853264 1155
853265 1156
853266 1157
853267 1158
853268 1159
853269 1160
853271 1161
853272 1162
853273 1163
853274 1164
853275 1165
853276 1166
853277 1167
853279 1168
853280 1169
853281 1170
853282 1171
853283 1172
853285 1173
853286 1174
853287 1175
853288 1176
853290 1177
853292 1178
853293 1179
853294 1180
853295 1181
853296 1182
853297 1183
853298 1184
853300 1185
853301 1186
853302 1187
853303 1188
853304 1189
853305 1190
100009271 1191
853307 1192
853308 1193
853309 1194
853310 1195
853311 1196
853312 1197
853313 1198
853315 1199
853316 1200
853317 1201
853318 1202
853319 1203
853320 1204
1347 1205
853322 1206
853323 1207
853325 1208
853326 1209
853327 1210
853329 1211
853330 1212
853331 1213
853332 1214
853333 1215
853334 1216
853335 1217
853336 1218
853337 1219
853338 1220
853339 1221
853340 1222
853341 1223
853342 1224
853343 1225
1376 1226
853344 1227
853345 1228
853346 1229
853347 1230
853348 1231
853350 1232
853351 1233
853352 1234
853353 1235
853354 1236
853355 1237
853356 1238
853357 1239
853358 1240
853359 1241
853361 1242
853362 1243
853363 1244
853364 1245
853365 1246
853366 1247
853367 1248
853368 1249
853369 1250
853371 1251
853372 1252
853373 1253
853374 1254
853375 1255
853376 1256
853377 1257
853379 1258
853381 1259
853382 1260
853383 1261
853384 1262
853385 1263
853386 1264
853387 1265
853388 1266
853389 1267
853390 1268
853391 1269
853392 1270
853393 1271
853395 1272
853396 1273
853397 1274
853398 1275
853399 1276
853400 1277
853401 1278
853402 1279
853403 1280
853404 1281
853405 1282
853406 1283
853407 1284
853408 1285
853409 1286
853410 1287
853411 1288
853412 1289
853413 1290
853414 1291
853416 1292
853417 1293
853418 1294
853419 1295
1452 1296
853421 1297
853422 1298
853423 1299
1457 1300
853425 1301
1459 1302
1460 1303
853427 1304
853428 1305
853429 1306
853432 1307
853433 1308
853434 1309
853426 1310
853436 1311
853438 1312
853439 1313
853441 1314
853442 1315
853445 1316
853447 1317
853450 1318
853451 1319
853452 1320
853453 1321
853454 1322
853455 1323
853456 1324
853457 1325
853458 1326
853459 1327
853460 1328
853461 1329
853462 1330
853463 1331
853464 1332
853465 1333
853466 1334
853467 1335
853468 1336
853469 1337
853470 1338
853471 1339
853472 1340
853473 1341
853475 1342
853477 1343
853478 1344
853479 1345
853481 1346
853482 1347
853483 1348
853484 1349
853485 1350
853486 1351
853487 1352
853488 1353
853489 1354
853490 1355
853491 1356
853492 1357
853494 1358
853495 1359
853497 1360
853498 1361
853499 1362
853500 1363
853501 1364
853502 1365
853503 1366
853504 1367
853506 1368
853507 1369
853508 1370
853509 1371
853510 1372
853512 1373
853513 1374
853514 1375
853515 1376
853516 1377
853517 1378
853518 1379
853519 1380
853520 1381
853521 1382
853522 1383
853523 1384
853524 1385
853525 1386
853526 1387
853527 1388
853528 1389
853529 1390
853530 1391
853531 1392
853532 1393
853534 1394
853535 1395
853536 1396
853537 1397
853538 1398
853539 1399
853540 1400
853541 1401
853542 1402
853543 1403
853544 1404
853545 1405
853546 1406
853547 1407
853548 1408
853550 1409
853551 1410
853552 1411
853553 1412
853554 1413
853555 1414
853556 1415
853557 1416
853558 1417
853559 1418
853560 1419
853561 1420
853562 1421
853563 1422
853565 1423
853566 1424
853567 1425
853568 1426
853569 1427
853570 1428
853571 1429
853572 1430
853573 1431
853574 1432
853575 1433
853576 1434
853578 1435
853579 1436
853580 1437
853581 1438
853582 1439
853583 1440
853584 1441
853585 1442
853586 1443
853587 1444
853588 1445
853589 1446
853590 1447
853592 1448
853593 1449
853594 1450
853595 1451
853596 1452
853597 1453
853598 1454
853599 1455
853600 1456
853601 1457
853602 1458
853603 1459
853604 1460
853605 1461
853606 1462
1630 1463
853608 1464
67177 1465
853609 1466
853610 1467
853612 1468
853613 1469
853607 1470
853614 1471
853616 1472
853617 1473
853618 1474
853615 1475
853619 1476
853621 1477
853620 1478
853623 1479
853624 1480
853625 1481
853626 1482
853628 1483
853629 1484
853630 1485
853631 1486
853632 1487
853634 1488
853635 1489
853636 1490
853638 1491
853639 1492
853640 1493
853641 1494
853642 1495
853643 1496
853644 1497
853646 1498
853647 1499
853648 1500
853649 1501
853650 1502
853651 1503
853652 1504
853653 1505
853654 1506
853658 1507
853659 1508
853660 1509
853661 1510
853662 1511
853663 1512
853664 1513
853665 1514
853666 1515
853667 1516
853668 1517
853669 1518
853670 1519
853671 1520
853672 1521
853673 1522
853674 1523
853675 1524
853677 1525
853678 1526
853679 1527
853680 1528
853681 1529
853682 1530
853683 1531
853684 1532
853686 1533
853687 1534
853688 1535
853690 1536
820924 1537
853692 1538
853693 1539
853695 1540
853696 1541
853697 1542
853698 1543
853699 1544
853700 1545
853701 1546
853702 1547
853703 1548
853705 1549
853706 1550
853707 1551
853708 1552
853709 1553
853710 1554
853712 1555
853713 1556
853714 1557
853715 1558
853716 1559
853717 1560
853718 1561
853719 1562
853720 1563
853721 1564
853723 1565
853724 1566
853725 1567
1759 1568
853727 1569
853728 1570
853729 1571
853730 1572
853732 1573
853733 1574
853734 1575
853735 1576
853737 1577
853738 1578
853739 1579
853741 1580
853743 1581
853744 1582
853746 1583
853747 1584
853748 1585
853750 1586
853751 1587
853752 1588
853753 1589
1786 1590
853755 1591
853756 1592
853757 1593
853758 1594
853754 1595
853760 1596
853761 1597
853762 1598
853763 1599
853765 1600
853766 1601
853767 1602
853768 1603
853769 1604
853770 1605
853771 1606
853772 1607
853773 1608
853774 1609
853775 1610
853776 1611
853777 1612
67337 1613
853778 1614
853780 1615
853781 1616
853782 1617
853783 1618
853784 1619
853785 1620
853787 1621
853788 1622
853789 1623
853790 1624
853792 1625
853793 1626
853794 1627
853796 1628
853798 1629
853800 1630
853801 1631
853802 1632
853803 1633
853804 1634
853805 1635
853806 1636
853807 1637
853808 1638
853809 1639
853810 1640
853811 1641
853812 1642
853814 1643
853815 1644
853816 1645
853817 1646
853818 1647
853819 1648
853820 1649
853821 1650
853823 1651
853824 1652
853825 1653
853826 1654
853827 1655
853828 1656
853829 1657
853830 1658
1861 1659
853832 1660
853833 1661
853834 1662
853836 1663
1869 1664
853839 1665
853840 1666
853841 1667
853842 1668
853843 1669
853844 1670
853845 1671
853846 1672
853847 1673
853848 1674
853849 1675
853850 1676
853851 1677
853852 1678
853853 1679
853854 1680
853855 1681
853856 1682
853857 1683
853858 1684
853859 1685
853860 1686
853861 1687
853862 1688
853863 1689
853864 1690
853865 1691
853866 1692
853867 1693
853868 1694
853869 1695
853870 1696
853871 1697
853872 1698
853873 1699
853874 1700
853875 1701
853876 1702
853877 1703
853878 1704
427887 1705
853880 1706
853881 1707
853882 1708
853884 1709
853885 1710
853886 1711
853887 1712
853888 1713
853889 1714
853890 1715
853891 1716
853892 1717
853893 1718
853894 1719
853895 1720
853896 1721
853897 1722
853898 1723
853899 1724
853900 1725
853901 1726
853902 1727
853904 1728
853906 1729
1938 1730
853908 1731
853909 1732
853910 1733
853911 1734
853912 1735
853914 1736
853916 1737
853917 1738
853918 1739
853919 1740
853920 1741
853922 1742
853923 1743
853924 1744
853925 1745
853926 1746
853927 1747
853928 1748
853929 1749
853930 1750
853931 1751
853932 1752
853933 1753
853934 1754
1967 1755
853935 1756
853936 1757
853937 1758
853938 1759
853939 1760
853940 1761
853941 1762
853942 1763
853943 1764
853945 1765
853946 1766
853944 1767
1978 1768
853948 1769
853950 1770
853949 1771
853952 1772
853953 1773
853954 1774
853955 1775
853956 1776
853957 1777
853958 1778
853959 1779
853951 1780
853961 1781
853962 1782
853963 1783
853964 1784
853965 1785
853960 1786
853967 1787
853968 1788
853969 1789
853970 1790
853971 1791
853972 1792
853973 1793
853974 1794
853975 1795
853976 1796
853977 1797
853978 1798
853979 1799
853980 1800
853981 1801
853982 1802
853983 1803
853984 1804
853985 1805
853986 1806
853988 1807
853989 1808
853990 1809
853991 1810
853992 1811
853993 1812
853994 1813
853995 1814
853996 1815
853997 1816
2029 1817
853999 1818
854000 1819
854001 1820
854002 1821
854003 1822
854005 1823
854006 1824
854007 1825
854008 1826
854009 1827
854010 1828
854011 1829
854012 1830
854013 1831
854014 1832
854016 1833
854017 1834
854018 1835
854019 1836
854020 1837
854021 1838
854022 1839
854023 1840
854024 1841
854025 1842
854026 1843
821259 1844
854027 1845
854028 1846
854029 1847
2060 1848
854032 1849
854033 1850
854034 1851
854030 1852
854036 1853
854037 1854
854038 1855
854039 1856
854040 1857
854035 1858
854042 1859
854043 1860
854045 1861
854046 1862
854047 1863
854048 1864
854049 1865
854050 1866
854051 1867
854052 1868
854053 1869
854055 1870
854056 1871
854057 1872
854058 1873
854059 1874
854060 1875
854061 1876
854062 1877
854063 1878
854064 1879
854065 1880
854066 1881
2099 1882
854067 1883
854068 1884
854070 1885
854071 1886
854072 1887
854073 1888
854075 1889
854076 1890
854077 1891
854078 1892
854079 1893
854080 1894
854081 1895
854082 1896
854083 1897
854084 1898
854085 1899
854086 1900
854087 1901
854088 1902
854089 1903
854090 1904
854091 1905
854092 1906
854093 1907
854094 1908
854095 1909
854096 1910
854097 1911
854098 1912
854099 1913
821324 1914
854101 1915
854102 1916
854103 1917
854104 1918
854105 1919
854106 1920
854108 1921
854109 1922
854110 1923
854111 1924
854113 1925
854114 1926
854115 1927
854116 1928
854117 1929
854118 1930
854119 1931
854120 1932
854123 1933
854124 1934
854125 1935
854126 1936
854127 1937
854128 1938
854129 1939
854130 1940
854131 1941
854133 1942
854134 1943
854135 1944
854136 1945
854138 1946
854139 1947
854140 1948
854141 1949
854142 1950
854143 1951
854144 1952
854145 1953
854146 1954
854149 1955
854150 1956
854151 1957
854152 1958
854153 1959
854154 1960
854155 1961
854156 1962
854157 1963
854158 1964
854159 1965
854160 1966
854161 1967
854162 1968
854163 1969
854164 1970
854165 1971
854166 1972
854167 1973
854168 1974
854169 1975
854170 1976
854171 1977
854173 1978
854174 1979
854175 1980
34974 1981
854177 1982
854176 1983
854179 1984
854181 1985
854182 1986
854183 1987
854184 1988
854185 1989
854186 1990
854187 1991
854188 1992
854190 1993
854191 1994
854192 1995
854193 1996
854195 1997
854196 1998
854197 1999
854198 2000
854199 2001
854200 2002
854201 2003
854202 2004
854203 2005
854204 2006
854205 2007
854206 2008
854208 2009
854209 2010
854210 2011
854211 2012
854212 2013
854213 2014
854214 2015
2247 2016
854216 2017
854217 2018
854220 2019
854221 2020
854222 2021
821455 2022
854223 2023
854225 2024
854226 2025
854227 2026
854228 2027
854229 2028
854230 2029
854231 2030
854232 2031
854233 2032
854234 2033
854235 2034
854236 2035
854237 2036
854240 2037
854241 2038
854242 2039
854243 2040
854244 2041
854245 2042
854246 2043
854247 2044
854248 2045
854249 2046
854251 2047
854252 2048
854253 2049
854255 2050
854256 2051
854257 2052
854258 2053
854259 2054
854260 2055
854261 2056
854262 2057
854263 2058
854264 2059
854265 2060
854266 2061
854267 2062
854268 2063
231672 2064
854270 2065
854271 2066
854273 2067
854274 2068
854275 2069
854276 2070
854277 2071
854278 2072
854279 2073
854280 2074
854281 2075
854282 2076
854283 2077
854284 2078
854285 2079
854286 2080
854287 2081
854289 2082
854290 2083
854291 2084
854292 2085
854293 2086
854294 2087
854295 2088
854296 2089
854297 2090
854298 2091
854299 2092
854300 2093
854301 2094
854302 2095
854303 2096
854305 2097
854306 2098
854307 2099
854309 2100
854310 2101
854311 2102
854312 2103
854313 2104
854314 2105
854315 2106
854317 2107
854318 2108
854319 2109
854320 2110
854321 2111
854322 2112
854323 2113
854324 2114
854325 2115
854326 2116
854327 2117
854328 2118
854329 2119
854330 2120
854331 2121
854332 2122
854333 2123
854334 2124
854335 2125
854336 2126
854337 2127
854338 2128
854339 2129
854342 2130
854343 2131
854344 2132
854345 2133
854346 2134
854347 2135
854349 2136
854350 2137
854351 2138
854352 2139
854353 2140
854354 2141
854355 2142
854356 2143
854357 2144
854358 2145
854359 2146
854360 2147
854361 2148
854362 2149
854363 2150
854364 2151
854366 2152
854367 2153
854368 2154
854369 2155
854370 2156
854371 2157
854372 2158
854373 2159
854376 2160
854377 2161
854379 2162
854380 2163
854381 2164
854382 2165
854383 2166
854384 2167
854385 2168
854386 2169
854387 2170
854388 2171
854389 2172
854390 2173
854391 2174
854392 2175
854394 2176
854395 2177
854396 2178
854397 2179
854398 2180
854399 2181
854401 2182
854402 2183
854403 2184
854404 2185
854405 2186
854406 2187
854407 2188
854408 2189
854409 2190
854411 2191
854412 2192
854413 2193
854414 2194
854415 2195
854416 2196
854417 2197
854418 2198
854419 2199
854420 2200
854421 2201
854423 2202
854424 2203
854425 2204
854426 2205
854427 2206
854428 2207
854429 2208
854430 2209
854431 2210
854432 2211
854433 2212
854434 2213
854435 2214
854436 2215
854437 2216
854439 2217
854440 2218
854441 2219
854442 2220
854443 2221
854444 2222
854445 2223
854446 2224
854447 2225
854448 2226
854449 2227
854450 2228
854452 2229
854453 2230
854454 2231
854456 2232
854457 2233
854458 2234
854459 2235
854460 2236
854461 2237
854462 2238
854463 2239
854465 2240
854466 2241
854467 2242
854468 2243
854469 2244
854470 2245
854471 2246
854472 2247
854473 2248
854474 2249
854475 2250
854477 2251
854478 2252
854479 2253
854480 2254
854481 2255
854482 2256
68051 2257
854483 2258
854484 2259
854485 2260
854487 2261
854488 2262
2521 2263
854489 2264
854490 2265
854493 2266
854494 2267
854495 2268
854497 2269
854498 2270
854499 2271
854500 2272
854501 2273
2531 2274
854503 2275
854504 2276
854505 2277
854506 2278
854507 2279
854508 2280
854509 2281
854511 2282
854513 2283
854514 2284
854515 2285
854516 2286
854517 2287
854518 2288
854519 2289
854520 2290
854522 2291
854525 2292
854527 2293
854529 2294
854530 2295
854531 2296
854532 2297
854533 2298
854534 2299
854535 2300
854536 2301
854537 2302
854538 2303
854539 2304
854540 2305
854541 2306
854542 2307
854543 2308
854544 2309
854545 2310
854548 2311
854549 2312
854550 2313
854551 2314
821784 2315
854552 2316
854553 2317
854554 2318
854555 2319
854556 2320
854557 2321
854559 2322
854560 2323
854562 2324
854563 2325
854564 2326
854565 2327
854566 2328
854567 2329
854568 2330
854569 2331
854570 2332
854571 2333
854572 2334
854573 2335
854575 2336
854576 2337
854577 2338
854582 2339
854583 2340
854584 2341
854586 2342
854590 2343
854593 2344
854594 2345
854595 2346
854596 2347
854597 2348
854598 2349
854599 2350
854600 2351
854601 2352
854604 2353
854605 2354
854609 2355
854612 2356
2645 2357
854614 2358
2648 2359
854616 2360
854618 2361
854621 2362
854622 2363
854623 2364
854626 2365
854627 2366
854630 2367
854631 2368
854634 2369
854635 2370
854636 2371
854637 2372
854638 2373
854639 2374
854640 2375
854641 2376
854642 2377
854644 2378
854645 2379
854646 2380
854647 2381
854648 2382
854649 2383
854650 2384
854651 2385
854652 2386
854653 2387
854654 2388
854655 2389
854656 2390
854657 2391
854658 2392
854659 2393
854660 2394
854661 2395
854662 2396
854663 2397
854664 2398
854666 2399
854667 2400
854668 2401
854669 2402
854670 2403
854671 2404
854672 2405
854673 2406
854674 2407
854675 2408
854676 2409
854677 2410
854678 2411
854679 2412
854680 2413
854681 2414
854682 2415
854683 2416
854684 2417
854685 2418
854686 2419
854687 2420
854688 2421
854689 2422
854690 2423
854691 2424
854692 2425
854693 2426
854694 2427
854695 2428
854696 2429
854697 2430
854698 2431
854699 2432
854700 2433
854701 2434
854702 2435
854703 2436
854704 2437
854705 2438
854706 2439
2740 2440
854708 2441
854709 2442
854710 2443
854711 2444
854713 2445
854714 2446
854715 2447
854716 2448
854717 2449
854718 2450
854719 2451
854720 2452
854721 2453
854722 2454
854724 2455
854725 2456
854726 2457
854728 2458
854731 2459
854732 2460
854733 2461
854734 2462
854735 2463
854736 2464
854737 2465
854738 2466
854739 2467
854740 2468
854741 2469
854742 2470
854743 2471
854744 2472
854745 2473
2778 2474
854746 2475
854747 2476
854748 2477
854749 2478
854750 2479
854753 2480
854755 2481
854756 2482
854758 2483
854759 2484
854760 2485
854761 2486
854762 2487
854763 2488
854764 2489
854765 2490
854766 2491
854767 2492
854768 2493
854769 2494
854770 2495
854771 2496
854772 2497
854773 2498
854774 2499
854775 2500
854776 2501
854777 2502
854778 2503
854780 2504
854781 2505
854783 2506
854785 2507
854786 2508
854788 2509
854789 2510
854790 2511
854791 2512
854792 2513
854793 2514
854794 2515
854795 2516
854796 2517
854797 2518
854798 2519
854799 2520
854800 2521
854801 2522
854802 2523
854804 2524
854805 2525
854806 2526
854807 2527
854808 2528
854809 2529
854810 2530
854811 2531
854812 2532
854813 2533
854814 2534
854815 2535
854816 2536
854817 2537
854818 2538
854819 2539
854820 2540
854821 2541
854822 2542
854824 2543
854825 2544
854826 2545
854827 2546
854828 2547
854829 2548
854830 2549
854831 2550
854832 2551
854833 2552
854834 2553
854835 2554
854836 2555
854839 2556
854840 2557
2873 2558
2874 2559
854841 2560
854842 2561
854843 2562
854844 2563
854845 2564
854846 2565
854847 2566
854849 2567
854850 2568
854851 2569
854852 2570
854853 2571
854855 2572
854856 2573
854857 2574
854854 2575
854859 2576
854860 2577
854861 2578
854862 2579
854863 2580
854864 2581
854865 2582
854866 2583
854867 2584
854868 2585
854869 2586
101206 2587
854871 2588
854872 2589
854874 2590
854875 2591
854876 2592
854877 2593
854878 2594
854879 2595
2908 2596
854881 2597
854882 2598
854883 2599
578 2600
854886 2601
854887 2602
854888 2603
854889 2604
854891 2605
854892 2606
854893 2607
854894 2608
854895 2609
854896 2610
854897 2611
854898 2612
854899 2613
854900 2614
854901 2615
854902 2616
854903 2617
854904 2618
854905 2619
854906 2620
854907 2621
854908 2622
854909 2623
854910 2624
854911 2625
854912 2626
854913 2627
854914 2628
854915 2629
854916 2630
854918 2631
854919 2632
854920 2633
854921 2634
854922 2635
854924 2636
854925 2637
854926 2638
854927 2639
854928 2640
854929 2641
854930 2642
854931 2643
854932 2644
854933 2645
854934 2646
854935 2647
854936 2648
2969 2649
854937 2650
854938 2651
854939 2652
854940 2653
854941 2654
854942 2655
854943 2656
854944 2657
854945 2658
854946 2659
854948 2660
854949 2661
854950 2662
854951 2663
854952 2664
854953 2665
854954 2666
854955 2667
854956 2668
854957 2669
854959 2670
854960 2671
854962 2672
854963 2673
854964 2674
854965 2675
854966 2676
854968 2677
854969 2678
854970 2679
854971 2680
854972 2681
854973 2682
854974 2683
854976 2684
854977 2685
854978 2686
854979 2687
854980 2688
854981 2689
854982 2690
854983 2691
854984 2692
854985 2693
854986 2694
854987 2695
3020 2696
854989 2697
854990 2698
854991 2699
854992 2700
854993 2701
854994 2702
854995 2703
854988 2704
854997 2705
854998 2706
854999 2707
5802965 2708
855002 2709
855003 2710
855004 2711
855005 2712
855006 2713
855008 2714
855009 2715
855010 2716
855011 2717
855012 2718
855013 2719
855014 2720
855015 2721
855016 2722
855017 2723
855018 2724
855020 2725
855021 2726
855022 2727
855023 2728
855025 2729
855026 2730
855028 2731
855029 2732
855030 2733
855031 2734
3064 2735
855033 2736
855034 2737
855035 2738
855036 2739
855037 2740
855032 2741
855039 2742
855040 2743
855041 2744
855042 2745
855043 2746
855044 2747
855045 2748
494591 2749
855047 2750
855048 2751
855049 2752
855050 2753
855051 2754
855052 2755
855053 2756
855054 2757
855055 2758
855056 2759
855057 2760
855058 2761
855059 2762
855060 2763
855061 2764
855062 2765
855063 2766
3093 2767
855066 2768
855067 2769
855068 2770
855070 2771
855071 2772
855073 2773
855075 2774
855076 2775
855077 2776
855078 2777
855080 2778
855081 2779
855082 2780
855083 2781
855084 2782
855085 2783
855086 2784
855087 2785
855088 2786
855089 2787
855090 2788
855091 2789
855092 2790
855093 2791
855094 2792
855095 2793
855096 2794
855097 2795
855099 2796
855101 2797
855102 2798
855103 2799
855104 2800
855105 2801
855107 2802
855108 2803
855109 2804
855110 2805
855112 2806
855113 2807
855114 2808
855115 2809
855116 2810
855117 2811
855118 2812
855119 2813
855120 2814
855121 2815
855122 2816
855123 2817
855124 2818
855125 2819
855126 2820
855127 2821
855128 2822
855130 2823
855131 2824
855132 2825
3162 2826
855134 2827
855135 2828
855136 2829
855137 2830
855138 2831
855139 2832
855140 2833
855141 2834
855142 2835
855143 2836
855144 2837
855145 2838
855147 2839
855149 2840
855150 2841
3183 2842
855152 2843
855153 2844
855154 2845
855155 2846
855156 2847
855157 2848
855158 2849
855159 2850
855160 2851
855161 2852
855162 2853
855163 2854
855164 2855
855166 2856
855167 2857
855168 2858
855169 2859
855170 2860
855171 2861
855173 2862
396422 2863
855174 2864
855175 2865
855176 2866
855177 2867
855179 2868
855180 2869
855178 2870
855182 2871
855183 2872
855184 2873
855186 2874
855187 2875
855188 2876
855189 2877
855190 2878
855192 2879
855194 2880
855195 2881
855196 2882
855197 2883
855198 2884
560283 2885
855200 2886
855201 2887
855202 2888
855203 2889
855204 2890
855205 2891
855206 2892
855207 2893
855208 2894
855210 2895
855212 2896
855213 2897
855214 2898
855215 2899
855216 2900
855217 2901
855218 2902
855219 2903
855220 2904
855221 2905
855222 2906
855223 2907
855224 2908
855225 2909
855226 2910
855227 2911
855228 2912
855229 2913
855230 2914
855231 2915
855232 2916
855235 2917
855236 2918
855237 2919
855238 2920
855239 2921
855240 2922
855241 2923
855242 2924
855243 2925
855244 2926
855245 2927
855246 2928
855247 2929
855248 2930
855249 2931
855250 2932
855251 2933
855252 2934
855253 2935
855254 2936
855255 2937
855256 2938
855257 2939
855258 2940
855259 2941
855260 2942
855261 2943
855262 2944
855263 2945
855264 2946
855265 2947
855266 2948
855267 2949
855268 2950
855269 2951
855270 2952
855271 2953
855272 2954
855273 2955
855274 2956
855275 2957
3308 2958
855276 2959
855277 2960
855278 2961
855279 2962
855280 2963
855281 2964
3315 2965
855282 2966
855283 2967
855284 2968
855285 2969
855287 2970
855288 2971
855289 2972
855291 2973
3320 2974
855293 2975
855292 2976
3326 2977
855295 2978
855297 2979
855298 2980
855299 2981
855294 2982
855301 2983
855302 2984
855303 2985
855300 2986
855305 2987
855306 2988
855304 2989
855308 2990
855309 2991
855310 2992
855311 2993
855312 2994
855313 2995
855307 2996
855315 2997
855316 2998
855317 2999
855318 3000
855319 3001
855320 3002
855314 3003
855322 3004
855323 3005
855324 3006
855325 3007
855326 3008
855321 3009
855328 3010
855329 3011
855327 3012
855331 3013
855332 3014
855333 3015
822566 3016
855335 3017
855336 3018
855337 3019
855338 3020
855339 3021
855341 3022
855342 3023
855343 3024
855344 3025
855345 3026
855346 3027
855347 3028
855348 3029
855349 3030
855350 3031
855352 3032
855353 3033
855355 3034
855356 3035
855357 3036
855358 3037
855359 3038
855360 3039
855361 3040
855362 3041
855363 3042
855364 3043
855366 3044
855368 3045
855369 3046
855371 3047
855372 3048
855373 3049
855375 3050
855377 3051
855380 3052
855381 3053
855382 3054
855383 3055
855384 3056
855385 3057
855386 3058
855387 3059
855388 3060
855389 3061
855390 3062
855392 3063
855393 3064
855394 3065
855395 3066
855396 3067
855398 3068
855399 3069
855400 3070
855401 3071
855402 3072
855403 3073
855404 3074
855405 3075
855406 3076
855407 3077
855408 3078
855409 3079
855410 3080
855411 3081
855412 3082
855414 3083
855415 3084
855416 3085
855417 3086
855418 3087
855420 3088
855421 3089
855422 3090
855423 3091
855424 3092
855425 3093
855426 3094
855427 3095
855428 3096
855429 3097
855430 3098
855433 3099
855434 3100
855436 3101
855437 3102
855438 3103
855439 3104
855440 3105
855441 3106
855442 3107
855443 3108
855444 3109
855446 3110
855447 3111
855448 3112
855449 3113
855450 3114
855451 3115
855452 3116
855453 3117
855454 3118
855456 3119
855457 3120
855458 3121
855459 3122
855460 3123
855461 3124
855462 3125
855463 3126
855464 3127
855465 3128
855466 3129
855467 3130
855468 3131
855469 3132
855470 3133
855471 3134
855472 3135
855473 3136
855474 3137
855475 3138
855476 3139
855477 3140
855478 3141
855479 3142
855480 3143
855481 3144
855482 3145
855483 3146
855484 3147
855485 3148
855487 3149
855488 3150
855489 3151
855490 3152
855491 3153
855492 3154
855495 3155
855496 3156
855497 3157
855498 3158
855499 3159
855500 3160
855501 3161
855502 3162
855503 3163
855504 3164
855505 3165
855506 3166
855507 3167
855508 3168
855509 3169
855510 3170
855511 3171
855512 3172
855513 3173
855514 3174
855515 3175
855517 3176
855518 3177
3552 3178
855520 3179
855522 3180
855521 3181
855524 3182
855525 3183
855526 3184
855527 3185
855528 3186
855529 3187
855530 3188
855531 3189
855532 3190
855533 3191
855534 3192
855535 3193
855536 3194
855537 3195
855538 3196
855539 3197
855540 3198
855541 3199
855543 3200
855544 3201
855545 3202
855547 3203
855548 3204
855549 3205
855552 3206
855553 3207
855554 3208
855555 3209
855556 3210
855557 3211
855558 3212
855559 3213
855560 3214
855561 3215
855562 3216
855563 3217
855564 3218
855565 3219
855566 3220
855567 3221
855568 3222
855569 3223
855570 3224
855571 3225
855573 3226
855574 3227
855575 3228
855576 3229
855577 3230
855578 3231
855579 3232
855580 3233
855581 3234
855582 3235
855583 3236
855584 3237
855585 3238
855586 3239
855587 3240
855588 3241
855589 3242
3622 3243
855591 3244
855592 3245
855593 3246
855594 3247
855595 3248
855596 3249
855597 3250
855598 3251
855599 3252
855600 3253
855601 3254
855602 3255
855603 3256
855605 3257
855606 3258
855607 3259
855608 3260
855609 3261
855611 3262
855612 3263
855613 3264
855615 3265
855616 3266
855618 3267
855619 3268
855620 3269
855621 3270
855622 3271
855623 3272
855624 3273
855625 3274
855626 3275
855628 3276
855629 3277
855630 3278
855631 3279
855632 3280
855633 3281
855634 3282
855636 3283
855637 3284
855638 3285
855639 3286
855640 3287
855641 3288
855642 3289
855643 3290
855644 3291
855645 3292
855646 3293
855647 3294
855648 3295
855649 3296
855650 3297
855651 3298
855652 3299
855653 3300
855654 3301
855655 3302
855656 3303
855658 3304
855659 3305
855660 3306
855661 3307
855662 3308
855663 3309
855664 3310
855665 3311
855667 3312
855668 3313
855669 3314
855670 3315
855671 3316
855672 3317
855673 3318
855674 3319
855675 3320
855676 3321
855677 3322
855678 3323
855679 3324
855680 3325
855681 3326
855682 3327
855683 3328
855686 3329
855687 3330
855688 3331
855689 3332
855690 3333
855691 3334
855692 3335
855693 3336
855695 3337
855697 3338
855698 3339
855699 3340
855700 3341
855701 3342
3735 3343
855703 3344
855704 3345
855705 3346
855706 3347
855707 3348
855708 3349
855709 3350
855710 3351
855711 3352
855712 3353
855713 3354
855716 3355
855717 3356
855718 3357
855720 3358
855721 3359
855722 3360
855723 3361
855724 3362
855725 3363
855726 3364
855727 3365
855728 3366
855729 3367
855730 3368
855731 3369
855732 3370
855736 3371
855737 3372
855738 3373
855739 3374
855741 3375
855742 3376
855743 3377
855744 3378
855745 3379
855746 3380
855747 3381
855748 3382
855749 3383
855750 3384
855751 3385
855752 3386
855753 3387
855754 3388
855755 3389
855756 3390
855757 3391
855758 3392
855760 3393
855761 3394
855762 3395
855763 3396
855764 3397
855765 3398
855766 3399
855767 3400
855768 3401
855769 3402
855770 3403
855771 3404
855772 3405
855773 3406
855774 3407
855775 3408
855776 3409
855778 3410
855779 3411
855780 3412
855781 3413
855782 3414
855783 3415
855784 3416
855785 3417
855786 3418
855787 3419
855788 3420
855789 3421
855790 3422
855792 3423
855793 3424
855794 3425
855795 3426
855796 3427
855797 3428
855798 3429
855799 3430
855800 3431
855801 3432
855802 3433
855803 3434
855804 3435
3837 3436
855805 3437
855807 3438
855806 3439
855809 3440
3842 3441
855811 3442
855812 3443
855808 3444
855810 3445
855813 3446
855816 3447
855817 3448
855818 3449
855819 3450
855820 3451
855821 3452
855822 3453
855824 3454
855825 3455
855826 3456
855827 3457
855828 3458
855829 3459
855830 3460
855831 3461
855832 3462
855833 3463
855834 3464
855835 3465
855836 3466
855837 3467
855838 3468
855840 3469
855841 3470
855842 3471
855843 3472
855844 3473
855845 3474
855846 3475
855847 3476
855848 3477
855849 3478
855850 3479
855851 3480
855852 3481
855854 3482
855855 3483
855856 3484
855857 3485
855858 3486
855859 3487
855860 3488
855861 3489
855862 3490
855863 3491
855864 3492
855865 3493
855866 3494
855867 3495
855869 3496
855870 3497
855871 3498
855872 3499
855873 3500
855874 3501
855875 3502
855876 3503
855877 3504
855878 3505
855879 3506
855880 3507
855881 3508
855882 3509
855883 3510
855884 3511
855885 3512
853966 3513
855887 3514
855888 3515
3921 3516
855889 3517
855890 3518
855891 3519
855892 3520
855893 3521
855894 3522
855895 3523
855897 3524
855898 3525
855899 3526
855900 3527
855901 3528
855902 3529
855903 3530
855905 3531
855906 3532
855907 3533
855908 3534
855909 3535
855910 3536
855911 3537
855912 3538
855913 3539
855914 3540
855916 3541
855917 3542
855918 3543
855919 3544
855920 3545
855922 3546
855923 3547
855925 3548
855926 3549
855927 3550
855928 3551
855929 3552
855930 3553
855931 3554
855932 3555
855933 3556
855934 3557
855935 3558
855936 3559
855937 3560
855938 3561
855939 3562
855940 3563
855941 3564
855942 3565
855943 3566
855944 3567
855945 3568
855946 3569
855947 3570
855948 3571
855949 3572
855950 3573
855951 3574
855952 3575
855953 3576
855954 3577
855955 3578
855956 3579
855957 3580
855958 3581
855959 3582
855960 3583
855962 3584
855963 3585
855964 3586
855965 3587
855967 3588
855968 3589
855969 3590
855970 3591
855971 3592
855972 3593
855973 3594
855974 3595
855975 3596
855976 3597
855977 3598
855978 3599
855979 3600
855980 3601
855981 3602
855982 3603
855983 3604
855984 3605
855985 3606
855986 3607
855987 3608
855988 3609
855990 3610
855991 3611
855992 3612
855993 3613
855994 3614
855995 3615
855996 3616
855997 3617
855998 3618
855999 3619
856000 3620
856001 3621
856002 3622
856004 3623
856005 3624
856006 3625
856007 3626
856008 3627
856009 3628
856010 3629
856011 3630
856012 3631
856013 3632
856014 3633
856015 3634
856016 3635
856017 3636
856018 3637
856019 3638
856020 3639
856021 3640
856022 3641
856023 3642
856024 3643
856026 3644
856027 3645
856028 3646
856029 3647
856030 3648
856031 3649
856032 3650
856034 3651
856035 3652
856036 3653
856037 3654
856038 3655
856039 3656
856040 3657
856041 3658
856042 3659
856044 3660
856045 3661
856046 3662
4077 3663
856048 3664
856049 3665
856050 3666
856047 3667
856052 3668
856051 3669
856054 3670
856053 3671
856056 3672
856057 3673
856058 3674
856059 3675
856060 3676
856061 3677
856062 3678
856063 3679
856055 3680
856065 3681
856066 3682
856067 3683
856068 3684
856069 3685
856070 3686
856071 3687
856072 3688
856074 3689
856075 3690
856076 3691
856077 3692
856078 3693
856079 3694
856080 3695
856081 3696
856083 3697
856084 3698
856085 3699
856086 3700
856087 3701
856088 3702
856089 3703
856090 3704
856091 3705
856092 3706
856093 3707
856094 3708
856095 3709
856096 3710
856097 3711
856098 3712
856099 3713
856100 3714
856101 3715
856102 3716
856103 3717
856104 3718
856105 3719
856106 3720
856107 3721
856108 3722
856109 3723
856111 3724
856112 3725
856113 3726
856114 3727
856115 3728
856117 3729
856118 3730
856119 3731
856121 3732
856123 3733
4155 3734
856125 3735
856126 3736
856128 3737
856129 3738
856130 3739
856131 3740
856132 3741
856133 3742
856134 3743
856135 3744
856136 3745
856137 3746
856138 3747
4171 3748
856140 3749
856141 3750
856142 3751
856143 3752
856144 3753
856145 3754
856146 3755
856147 3756
856148 3757
856149 3758
856152 3759
856153 3760
856154 3761
856155 3762
856156 3763
856158 3764
856159 3765
856160 3766
856161 3767
856162 3768
856163 3769
856165 3770
856167 3771
856168 3772
856169 3773
856170 3774
856171 3775
856173 3776
856174 3777
856175 3778
856176 3779
856178 3780
856179 3781
856180 3782
856181 3783
856182 3784
856183 3785
856184 3786
856186 3787
856187 3788
856188 3789
856191 3790
856193 3791
856194 3792
856195 3793
856196 3794
856197 3795
856198 3796
856199 3797
856200 3798
856201 3799
4234 3800
856203 3801
841 3802
856204 3803
856207 3804
856208 3805
856209 3806
856210 3807
856211 3808
856212 3809
856213 3810
856214 3811
856216 3812
856217 3813
856218 3814
856219 3815
856220 3816
856221 3817
856222 3818
856223 3819
856224 3820
856225 3821
856226 3822
856227 3823
856228 3824
856229 3825
856230 3826
856231 3827
856232 3828
856233 3829
856234 3830
856236 3831
856237 3832
856239 3833
856240 3834
856241 3835
856243 3836
856245 3837
856246 3838
856247 3839
856249 3840
856250 3841
856251 3842
856252 3843
856253 3844
856254 3845
4287 3846
856255 3847
856257 3848
856258 3849
4292 3850
856260 3851
856261 3852
856262 3853
856263 3854
856264 3855
856267 3856
856268 3857
856270 3858
856271 3859
856272 3860
856274 3861
856275 3862
856276 3863
856277 3864
856278 3865
856279 3866
856280 3867
856281 3868
856282 3869
856283 3870
856284 3871
856285 3872
856287 3873
856289 3874
856290 3875
856291 3876
856292 3877
856293 3878
856294 3879
856295 3880
856296 3881
856297 3882
856298 3883
856301 3884
856302 3885
856303 3886
856304 3887
856305 3888
856306 3889
856307 3890
4338 3891
856309 3892
856310 3893
856311 3894
856312 3895
856313 3896
856314 3897
856315 3898
856316 3899
856317 3900
856318 3901
856319 3902
856320 3903
856321 3904
856322 3905
856323 3906
856324 3907
856326 3908
856327 3909
856329 3910
856330 3911
856331 3912
856332 3913
856333 3914
856334 3915
856335 3916
856336 3917
856337 3918
856338 3919
856339 3920
856341 3921
856342 3922
856343 3923
856345 3924
856346 3925
856347 3926
856349 3927
856350 3928
856351 3929
856352 3930
856353 3931
856354 3932
856355 3933
856356 3934
856357 3935
856358 3936
856359 3937
856360 3938
856361 3939
856362 3940
856364 3941
856365 3942
856366 3943
856367 3944
856368 3945
856369 3946
856370 3947
856371 3948
856372 3949
856373 3950
856374 3951
856375 3952
856376 3953
856377 3954
856379 3955
856380 3956
856381 3957
856382 3958
856383 3959
856384 3960
856386 3961
856387 3962
856388 3963
856389 3964
856390 3965
856391 3966
856392 3967
856393 3968
856394 3969
856395 3970
856396 3971
856397 3972
856398 3973
856399 3974
856400 3975
856401 3976
856402 3977
856403 3978
856404 3979
856405 3980
856408 3981
856409 3982
856410 3983
856411 3984
856412 3985
856413 3986
856415 3987
856416 3988
856417 3989
856418 3990
856419 3991
856420 3992
856421 3993
856422 3994
856423 3995
856424 3996
856425 3997
856426 3998
856427 3999
856428 4000
856429 4001
856430 4002
856431 4003
856432 4004
856433 4005
856434 4006
856435 4007
856436 4008
856437 4009
856438 4010
856439 4011
856440 4012
856441 4013
856442 4014
856443 4015
856444 4016
856445 4017
856447 4018
856448 4019
856449 4020
856450 4021
856451 4022
856452 4023
856453 4024
856454 4025
856455 4026
856456 4027
856457 4028
856458 4029
856459 4030
856460 4031
856461 4032
856462 4033
856463 4034
856464 4035
856465 4036
856466 4037
856467 4038
856468 4039
856469 4040
856470 4041
856471 4042
856472 4043
856473 4044
856474 4045
856475 4046
856476 4047
856477 4048
856478 4049
856479 4050
856480 4051
856481 4052
856482 4053
856483 4054
856484 4055
856485 4056
856486 4057
856487 4058
856488 4059
856489 4060
856490 4061
856491 4062
856492 4063
856494 4064
856496 4065
856497 4066
856498 4067
856499 4068
856500 4069
856501 4070
856502 4071
856503 4072
856504 4073
856505 4074
856506 4075
856507 4076
856508 4077
856509 4078
856510 4079
856511 4080
856512 4081
856513 4082
856514 4083
856515 4084
856516 4085
856517 4086
856518 4087
856519 4088
856520 4089
856521 4090
856522 4091
856523 4092
856524 4093
856525 4094
856527 4095
856528 4096
856529 4097
856530 4098
856532 4099
856533 4100
856534 4101
856535 4102
856536 4103
856537 4104
856538 4105
856539 4106
856540 4107
856541 4108
856543 4109
856544 4110
856545 4111
856546 4112
856547 4113
856548 4114
856551 4115
856552 4116
856553 4117
856554 4118
856555 4119
856556 4120
856557 4121
856558 4122
856559 4123
856560 4124
856561 4125
856562 4126
856563 4127
856564 4128
856565 4129
856566 4130
856567 4131
856568 4132
856569 4133
856570 4134
856571 4135
856572 4136
856573 4137
856574 4138
856575 4139
856576 4140
856577 4141
856579 4142
856580 4143
856581 4144
856582 4145
856583 4146
856584 4147
856586 4148
856587 4149
856588 4150
856589 4151
856590 4152
856591 4153
856593 4154
856594 4155
856595 4156
856596 4157
856597 4158
856598 4159
856599 4160
856600 4161
856601 4162
856602 4163
856603 4164
856604 4165
856605 4166
856606 4167
856607 4168
856608 4169
856609 4170
856610 4171
856611 4172
856612 4173
856613 4174
856614 4175
856615 4176
856616 4177
856617 4178
856618 4179
856620 4180
856621 4181
856623 4182
856624 4183
856625 4184
856626 4185
856628 4186
856629 4187
856630 4188
856632 4189
856633 4190
856634 4191
856636 4192
856637 4193
856638 4194
856639 4195
856642 4196
856643 4197
856644 4198
856645 4199
856646 4200
856647 4201
856648 4202
856649 4203
856650 4204
856652 4205
856653 4206
856654 4207
856655 4208
856656 4209
856657 4210
856658 4211
856659 4212
856660 4213
856662 4214
856663 4215
856664 4216
856665 4217
856667 4218
856668 4219
856669 4220
856670 4221
856671 4222
856672 4223
856673 4224
856674 4225
856675 4226
856676 4227
856677 4228
856680 4229
856681 4230
856682 4231
856683 4232
856685 4233
856686 4234
856687 4235
856688 4236
856689 4237
856690 4238
856691 4239
856692 4240
856693 4241
856694 4242
496247 4243
856695 4244
856696 4245
856697 4246
856699 4247
856700 4248
856698 4249
4734 4250
856702 4251
856704 4252
856705 4253
856708 4254
856709 4255
856711 4256
856712 4257
856713 4258
856714 4259
856715 4260
856716 4261
856717 4262
856718 4263
856719 4264
856720 4265
856721 4266
856722 4267
856723 4268
856724 4269
856725 4270
856726 4271
856727 4272
856728 4273
856729 4274
856730 4275
856731 4276
856732 4277
856733 4278
856734 4279
856735 4280
856736 4281
856737 4282
856738 4283
856739 4284
856740 4285
856741 4286
856742 4287
856743 4288
856744 4289
856745 4290
856746 4291
856747 4292
856748 4293
856749 4294
856750 4295
856751 4296
856752 4297
856753 4298
856754 4299
856755 4300
856756 4301
856757 4302
856758 4303
856759 4304
856760 4305
856761 4306
856762 4307
856763 4308
856764 4309
856765 4310
856766 4311
856767 4312
856768 4313
856769 4314
856770 4315
856771 4316
856772 4317
856774 4318
856775 4319
856776 4320
856777 4321
856778 4322
856779 4323
856781 4324
856782 4325
856783 4326
856784 4327
856785 4328
856786 4329
856787 4330
856788 4331
856789 4332
856790 4333
856791 4334
856792 4335
856793 4336
856794 4337
856796 4338
856797 4339
856799 4340
856800 4341
856801 4342
856802 4343
856803 4344
856804 4345
856805 4346
856806 4347
856807 4348
856809 4349
856810 4350
856811 4351
856812 4352
856813 4353
856814 4354
856815 4355
4848 4356
856817 4357
4850 4358
856819 4359
856820 4360
856821 4361
856822 4362
856823 4363
856824 4364
856825 4365
856818 4366
856827 4367
856828 4368
856829 4369
856830 4370
4863 4371
856831 4372
856832 4373
856833 4374
856835 4375
856836 4376
856837 4377
856838 4378
856839 4379
856840 4380
856841 4381
856842 4382
856843 4383
856844 4384
856845 4385
856846 4386
856847 4387
856848 4388
856849 4389
856850 4390
856851 4391
856852 4392
856853 4393
856854 4394
856855 4395
856856 4396
856858 4397
856859 4398
856860 4399
856861 4400
856862 4401
856863 4402
856864 4403
856865 4404
856866 4405
856867 4406
856868 4407
856869 4408
856870 4409
856873 4410
856876 4411
856877 4412
856879 4413
856880 4414
856882 4415
856883 4416
856884 4417
856885 4418
856886 4419
856887 4420
856888 4421
856889 4422
856890 4423
856891 4424
856892 4425
856893 4426
856894 4427
856895 4428
856896 4429
856897 4430
856898 4431
856899 4432
856900 4433
856901 4434
856902 4435
856903 4436
856904 4437
856905 4438
856906 4439
856907 4440
856908 4441
856909 4442
856910 4443
856911 4444
856912 4445
856913 4446
856914 4447
856915 4448
856916 4449
856917 4450
856918 4451
856919 4452
856920 4453
856921 4454
856922 4455
856923 4456
856924 4457
856925 4458
856926 4459
856927 4460
856928 4461
856931 4462
856932 4463
856933 4464
856934 4465
856935 4466
856937 4467
856939 4468
856940 4469
4998 4470
5058 4471
1019 4472
3642456 4473
70750 4474
824422 4475
824425 4476
5265 4477
5423 4478
5430 4479
5504 4480
5515 4481
5524 4482
5530 4483
3642789 4484
5564 4485
5566 4486
5569 4487
5571 4488
5595 4489
5598 4490
4036073 4491
5610 4492
5710 4493
5711 4494
399088 4495
5886 4496
5887 4497
5893 4498
5894 4499
5901 4500
5905 4501
66317 4502
6048 4503
6233 4504
6242 4505
6252 4506
6279 4507
6280 4508
6305 4509
6314 4510
3872956 4511
6337 4512
6396 4513
6426 4514
6446 4515
6449 4516
6500 4517
6517 4518
3643823 4519
6613 4520
6622 4521
6647 4522
6714 4523
6720 4524
6732 4525
6737 4526
6774 4527
6871 4528
6885 4529
6905 4530
7095 4531
7157 4532
7214 4533
7290 4534
7311 4535
7314 4536
7316 4537
7317 4538
7321 4539
7322 4540
7323 4541
7324 4542
7328 4543
7329 4544
7332 4545
7334 4546
7341 4547
7415 4548
7428 4549
7486 4550
7494 4551
7514 4552
7529 4553
7534 4554
269966 4555
7917 4556
8021 4557
8027 4558
827272 4559
8078 4560
827331 4561
8148 4562
8290 4563
8338 4564
854848 4565
8349 4566
8350 4567
100049126 4568
8451 4569
8454 4570
8737 4571
8826 4572
8848 4573
74386 4574
8872 4575
8878 4576
8900 4577
8945 4578
9040 4579
172915 4580
9097 4581
9099 4582
9232 4583
9246 4584
9266 4585
9276 4586
9337 4587
74915 4588
3876057 4589
9525 4590
9569 4591
9627 4592
2827704 4593
9657 4594
2827706 4595
2827705 4596
9701 4597
9712 4598
140858 4599
9833 4600
9978 4601
10015 4602
10059 4603
10063 4604
10133 4605
10254 4606
10291 4607
2064 4608
10403 4609
10454 4610
10477 4611
10482 4612
174357 4613
829734 4614
10537 4615
10564 4616
10565 4617
10598 4618
855330 4619
10776 4620
830019 4621
404053 4622
10847 4623
10910 4624
10923 4625
830144 4626
10963 4627
10971 4628
10987 4629
11035 4630
11047 4631
404299 4632
11140 4633
11200 4634
11267 4635
12028 4636
855590 4637
176018 4638
12234 4639
176369 4640
504244 4641
2732686 4642
832208 4643
832243 4644
100053958 4645
79090 4646
855886 4647
406836 4648
79644 4649
572 4650
80010 4651
112869 4652
571871 4653
856139 4654
3799968 4655
3799978 4656
5814844 4657
834173 4658
834224 4659
3009 4660
834503 4661
506900 4662
3075 4663
15507 4664
2538731 4665
5848745 4666
81605 4667
81631 4668
2539287 4669
16210 4670
2539403 4671
16396 4672
3267 4673
2703416 4674
16518 4675
2539727 4676
2539781 4677
2539814 4678
16709 4679
835972 4680
2540027 4681
541271 4682
2540324 4683
17196 4684
2540368 4685
2540389 4686
2540620 4687
2540880 4688
2540887 4689
2540933 4690
17918 4691
83506 4692
50754 4693
2541178 4694
837249 4695
837306 4696
837357 4697
378643 4698
3621 4699
837423 4700
116549 4701
51013 4702
837454 4703
51024 4704
51025 4705
51028 4706
2541402 4707
51062 4708
116636 4709
2541472 4710
2541478 4711
51147 4712
18472 4713
444519 4714
444528 4715
280691 4716
51343 4717
2541726 4718
2541804 4719
641324 4720
2541870 4721
18747 4722
84289 4723
379215 4724
84313 4725
18786 4726
2541947 4727
280993 4728
2542023 4729
444874 4730
51667 4731
51693 4732
51720 4733
18983 4734
2542158 4735
838260 4736
2542196 4737
2542255 4738
100009298 4739
2542337 4740
2542502 4741
84930 4742
2542667 4743
379991 4744
2542729 4745
2542801 4746
281831 4747
576779 4748
838935 4749
2542898 4750
2542949 4751
19877 4752
380351 4753
380481 4754
2543233 4755
839332 4756
282322 4757
100009506 4758
2543334 4759
2543454 4760
839557 4761
2543506 4762
839620 4763
2543603 4764
839690 4765
446588 4766
20617 4767
282869 4768
512439 4769
850854 4770
850859 4771
850861 4772
850864 4773
217698 4774
54472 4775
54556 4776
447787 4777
54700 4778
54778 4779
841281 4780
100335534 4781
513666 4782
22213 4783
54984 4784
22222 4785
891 4786
55236 4787
55291 4788
55355 4789
55364 4790
9164868 4791
9164870 4792
9164871 4793
9164869 4794
9164872 4795
9164873 4796
9164874 4797
9164875 4798
9164876 4799
9164877 4800
9164878 4801
9164879 4802
9164882 4803
9164884 4804
9164886 4805
9164887 4806
9164888 4807
9164893 4808
9164894 4809
9164896 4810
9164897 4811
9164898 4812
9164899 4813
9164900 4814
9164901 4815
9164902 4816
9164907 4817
9164908 4818
9164909 4819
9164910 4820
9164911 4821
9164912 4822
9164915 4823
9164917 4824
9164919 4825
9164920 4826
9164921 4827
9164922 4828
9164923 4829
9164925 4830
9164926 4831
9164927 4832
9164930 4833
9164931 4834
9164932 4835
9164933 4836
9164934 4837
9164935 4838
9164938 4839
9164939 4840
9164941 4841
9164945 4842
9164949 4843
9164950 4844
9164951 4845
9164952 4846
9164954 4847
9164955 4848
9164957 4849
9164959 4850
9164963 4851
9164965 4852
9164966 4853
9164967 4854
9164969 4855
9164970 4856
9164971 4857
9164974 4858
9164975 4859
9164977 4860
9164979 4861
9164980 4862
9164981 4863
9164982 4864
9164983 4865
9164984 4866
9164985 4867
9164986 4868
9164987 4869
9164988 4870
9164990 4871
22820 4872
22870 4873
22919 4874
55737 4875
55743 4876
23019 4877
55802 4878
23061 4879
23062 4880
23102 4881
23130 4882
23163 4883
23175 4884
23192 4885
23197 4886
121504 4887
23235 4888
23327 4889
23395 4890
23435 4891
23524 4892
3628034 4893
23558 4894
56349 4895
23645 4896
56419 4897
56424 4898
56438 4899
56616 4900
4751 4901
851428 4902
4349295 4903
23945 4904
810468 4905
56997 4906
57019 4907
155465 4908
24413 4909
810883 4910
1466398 4911
1466399 4912
1466401 4913
57379 4914
1466409 4915
1466413 4916
1466417 4917
1466419 4918
1466421 4919
1466422 4920
1466423 4921
1466424 4922
1466427 4923
1466431 4924
1466432 4925
1466434 4926
1466436 4927
1466438 4928
1466440 4929
1466441 4930
1466442 4931
1466445 4932
1466447 4933
1466451 4934
2777172 4935
1466453 4936
1466452 4937
1466455 4938
24666 4939
1466460 4940
1466461 4941
1466462 4942
1466463 4943
1466465 4944
1466466 4945
1466467 4946
1466468 4947
1466469 4948
1466470 4949
24680 4950
1466473 4951
1466475 4952
1466476 4953
1466478 4954
1466480 4955
1466485 4956
1466487 4957
286839 4958
1466492 4959
1466493 4960
1466494 4961
1466495 4962
1466496 4963
1466497 4964
1466498 4965
1466501 4966
1466503 4967
1466505 4968
1466507 4969
1466509 4970
1466510 4971
1466511 4972
1466512 4973
1466513 4974
1466514 4975
1466516 4976
1466517 4977
1466518 4978
1466519 4979
843928 4980
1466520 4981
1466522 4982
1466523 4983
1466524 4984
417947 4985
417950 4986
1466526 4987
1466528 4988
1466521 4989
1466530 4990
1466532 4991
417956 4992
1466537 4993
4928 4994
57602 4995
155908 4996
844050 4997
57634 4998
844224 4999
90624 5000
844304 5001
615043 5002
615087 5003
25275 5004
25343 5005
25531 5006
25636 5007
25842 5008
1500487 5009
1500489 5010
819293 5011
26088 5012
59043 5013
3639440 5014
59338 5015
26754 5016
616627 5017
92345 5018
31405 5019
616800 5020
2746858 5021
2746859 5022
944750 5023
60321 5024
60489 5025
945280 5026
945556 5027
945574 5028
814552 5029
618164 5030
519935 5031
93973 5032
814930 5033
3639930 5034
28969 5035
28988 5036
29101 5037
29104 5038
29274 5039
947002 5040
29539 5041
947055 5042
852552 5043
947077 5044
947092 5045
816225 5046
3077355 5047
947447 5048
29979 5049
5142379 5050
817200 5051
817206 5052
30838 5053
948440 5054
948461 5055
948538 5056
948543 5057
817506 5058
850287 5059
850288 5060
850289 5061
850290 5062
850291 5063
850292 5064
850293 5065
850295 5066
850296 5067
850297 5068
850298 5069
850299 5070
850300 5071
850301 5072
850302 5073
850303 5074
850304 5075
850305 5076
850306 5077
850307 5078
850308 5079
850309 5080
850310 5081
850312 5082
850313 5083
850314 5084
850315 5085
850317 5086
850318 5087
850319 5088
850320 5089
850321 5090
850322 5091
850323 5092
850324 5093
850325 5094
850326 5095
850327 5096
850328 5097
850329 5098
850330 5099
850331 5100
850332 5101
850333 5102
850334 5103
850338 5104
850339 5105
850340 5106
850341 5107
850342 5108
850343 5109
850344 5110
850345 5111
850346 5112
850347 5113
850348 5114
850349 5115
850351 5116
850352 5117
850353 5118
850354 5119
850355 5120
850356 5121
850358 5122
850359 5123
850360 5124
850361 5125
850363 5126
850364 5127
850365 5128
850366 5129
850367 5130
850368 5131
850369 5132
850370 5133
850372 5134
850373 5135
850375 5136
850376 5137
850377 5138
850378 5139
850381 5140
850382 5141
850383 5142
850384 5143
850385 5144
850387 5145
850388 5146
850389 5147
850391 5148
850392 5149
850393 5150
850394 5151
850395 5152
850396 5153
850397 5154
850398 5155
850399 5156
850400 5157
850401 5158
850402 5159
850403 5160
850405 5161
850406 5162
850407 5163
850408 5164
850409 5165
850410 5166
850411 5167
850412 5168
850413 5169
850414 5170
850415 5171
850417 5172
850418 5173
850419 5174
850420 5175
850421 5176
850422 5177
850423 5178
850424 5179
850425 5180
850426 5181
850427 5182
850429 5183
850430 5184
850431 5185
850432 5186
850433 5187
850434 5188
850435 5189
850436 5190
850437 5191
850438 5192
850439 5193
850440 5194
850441 5195
850442 5196
850443 5197
850444 5198
850445 5199
850447 5200
850449 5201
850450 5202
850451 5203
850452 5204
850453 5205
850454 5206
850455 5207
850456 5208
850457 5209
850458 5210
850459 5211
850461 5212
850462 5213
850463 5214
850464 5215
850465 5216
850466 5217
850468 5218
850469 5219
850470 5220
850471 5221
850476 5222
850477 5223
850478 5224
850479 5225
850480 5226
850482 5227
850484 5228
850485 5229
850486 5230
850487 5231
850488 5232
850489 5233
850490 5234
850491 5235
850492 5236
850493 5237
850494 5238
850495 5239
850496 5240
850497 5241
850498 5242
850499 5243
850500 5244
850501 5245
850502 5246
850503 5247
850504 5248
850505 5249
850506 5250
850507 5251
850508 5252
850509 5253
850510 5254
850511 5255
850513 5256
850514 5257
850515 5258
850516 5259
850517 5260
850518 5261
850519 5262
850520 5263
850521 5264
850522 5265
850523 5266
850524 5267
850527 5268
850528 5269
850529 5270
850530 5271
850532 5272
850534 5273
850535 5274
850536 5275
850537 5276
850538 5277
850539 5278
850540 5279
850541 5280
850543 5281
850544 5282
850545 5283
850548 5284
850549 5285
850550 5286
850551 5287
850552 5288
850553 5289
850554 5290
850555 5291
850556 5292
850557 5293
850558 5294
850559 5295
850561 5296
850562 5297
850563 5298
850564 5299
850565 5300
850567 5301
850568 5302
850569 5303
850570 5304
850572 5305
850573 5306
850574 5307
850577 5308
850578 5309
850579 5310
850580 5311
850581 5312
850583 5313
850584 5314
850585 5315
850586 5316
850587 5317
850588 5318
850589 5319
850590 5320
850591 5321
850592 5322
850593 5323
850594 5324
850595 5325
850597 5326
850598 5327
850599 5328
850600 5329
850601 5330
850602 5331
850603 5332
850604 5333
850605 5334
850606 5335
850607 5336
850608 5337
850609 5338
850610 5339
850611 5340
850612 5341
850613 5342
850614 5343
850616 5344
850618 5345
850619 5346
850620 5347
850621 5348
850623 5349
850624 5350
850625 5351
850626 5352
850627 5353
850628 5354
850630 5355
850631 5356
850632 5357
850633 5358
850634 5359
850635 5360
850636 5361
850637 5362
850638 5363
850639 5364
948937 5365
850641 5366
850642 5367
850643 5368
850644 5369
850645 5370
850646 5371
850647 5372
850648 5373
850649 5374
850650 5375
850651 5376
850652 5377
850653 5378
850654 5379
850655 5380
850656 5381
850657 5382
850658 5383
850659 5384
850660 5385
850662 5386
850663 5387
850664 5388
850665 5389
850666 5390
850668 5391
850669 5392
850670 5393
850671 5394
850672 5395
850673 5396
850674 5397
850675 5398
850676 5399
850677 5400
850678 5401
850680 5402
850682 5403
850683 5404
850684 5405
850685 5406
850686 5407
850687 5408
850688 5409
850689 5410
850690 5411
850691 5412
850692 5413
850693 5414
850694 5415
850695 5416
850696 5417
850698 5418
850699 5419
850700 5420
850701 5421
850702 5422
850703 5423
850704 5424
850705 5425
850706 5426
850707 5427
850708 5428
850709 5429
850710 5430
850711 5431
850712 5432
850713 5433
850714 5434
850715 5435
850716 5436
850717 5437
850718 5438
850719 5439
850720 5440
850721 5441
850722 5442
850724 5443
850725 5444
850726 5445
850727 5446
850728 5447
850730 5448
850731 5449
850732 5450
850733 5451
850734 5452
850735 5453
850736 5454
850737 5455
850738 5456
850739 5457
850740 5458
850741 5459
850742 5460
850743 5461
850744 5462
850745 5463
850746 5464
850747 5465
850748 5466
850749 5467
850750 5468
850752 5469
850753 5470
850754 5471
850755 5472
850756 5473
850757 5474
850758 5475
850759 5476
850760 5477
850761 5478
850762 5479
850763 5480
850764 5481
850766 5482
850767 5483
850768 5484
850769 5485
850770 5486
850771 5487
850772 5488
850773 5489
850774 5490
850775 5491
850776 5492
850777 5493
850778 5494
850779 5495
850780 5496
850781 5497
850782 5498
850783 5499
850784 5500
850785 5501
850786 5502
850787 5503
850788 5504
850789 5505
850790 5506
850792 5507
850793 5508
850794 5509
850795 5510
850796 5511
850797 5512
850798 5513
850799 5514
850800 5515
31598 5516
850803 5517
850804 5518
850805 5519
850806 5520
850807 5521
850808 5522
850809 5523
850810 5524
850811 5525
850812 5526
850816 5527
850817 5528
850818 5529
850819 5530
850820 5531
850821 5532
850822 5533
850823 5534
850824 5535
850825 5536
850826 5537
850827 5538
850828 5539
850829 5540
850830 5541
850832 5542
850833 5543
850834 5544
850835 5545
850836 5546
850837 5547
850838 5548
850839 5549
850840 5550
850841 5551
850843 5552
850844 5553
850845 5554
850846 5555
850847 5556
850848 5557
850849 5558
3799967 5559
850851 5560
850852 5561
3799972 5562
3799970 5563
850855 5564
3799975 5565
850857 5566
64425 5567
3799971 5568
850860 5569
850853 5570
850862 5571
850863 5572
3799976 5573
850865 5574
3799977 5575
850858 5576
850868 5577
850869 5578
850870 5579
850871 5580
850872 5581
850873 5582
850874 5583
850875 5584
850876 5585
850877 5586
850878 5587
850879 5588
850880 5589
850882 5590
850883 5591
850884 5592
850885 5593
850886 5594
850887 5595
850888 5596
850889 5597
850890 5598
850891 5599
850892 5600
850893 5601
850894 5602
326601 5603
850896 5604
850897 5605
850898 5606
850900 5607
850901 5608
850902 5609
850903 5610
850904 5611
850905 5612
850906 5613
850907 5614
850908 5615
850909 5616
850910 5617
850911 5618
850912 5619
850914 5620
850915 5621
850916 5622
850917 5623
850918 5624
850919 5625
850920 5626
850921 5627
850922 5628
850923 5629
850924 5630
850926 5631
850927 5632
850928 5633
850930 5634
850931 5635
850933 5636
850934 5637
850935 5638
850938 5639
850939 5640
850940 5641
850941 5642
850942 5643
850943 5644
850944 5645
850945 5646
850946 5647
850947 5648
850949 5649
850950 5650
850951 5651
850952 5652
850953 5653
850955 5654
850956 5655
850958 5656
850959 5657
850961 5658
850962 5659
850963 5660
850964 5661
850966 5662
850967 5663
850968 5664
850969 5665
850970 5666
850971 5667
850972 5668
850973 5669
850974 5670
850976 5671
850977 5672
850979 5673
850980 5674
850981 5675
850982 5676
850983 5677
850984 5678
64547 5679
850987 5680
850988 5681
850990 5682
850991 5683
850992 5684
850993 5685
850994 5686
850995 5687
850996 5688
850997 5689
850998 5690
850999 5691
851000 5692
851002 5693
851004 5694
851005 5695
851006 5696
851007 5697
851008 5698
851010 5699
851013 5700
851014 5701
851015 5702
851016 5703
851017 5704
851018 5705
851019 5706
851021 5707
851022 5708
851023 5709
851024 5710
851025 5711
851027 5712
851028 5713
851029 5714
851030 5715
851032 5716
851033 5717
851034 5718
851035 5719
851036 5720
851037 5721
851039 5722
851040 5723
851041 5724
851042 5725
851044 5726
851045 5727
851048 5728
851049 5729
851051 5730
851052 5731
851054 5732
851055 5733
851056 5734
851057 5735
851058 5736
851059 5737
851060 5738
851061 5739
851063 5740
851064 5741
851065 5742
851066 5743
851067 5744
851068 5745
851069 5746
851070 5747
851071 5748
851072 5749
851073 5750
851074 5751
851075 5752
851076 5753
851077 5754
851078 5755
851079 5756
851082 5757
851083 5758
851084 5759
851085 5760
851086 5761
851087 5762
851088 5763
851089 5764
851091 5765
851092 5766
851095 5767
851096 5768
851097 5769
851098 5770
851099 5771
851100 5772
851101 5773
851102 5774
851103 5775
851104 5776
851105 5777
851106 5778
851107 5779
851108 5780
851109 5781
851110 5782
851111 5783
851112 5784
851113 5785
851114 5786
851115 5787
851117 5788
851119 5789
851120 5790
851121 5791
851122 5792
851123 5793
851124 5794
851125 5795
851126 5796
851127 5797
851128 5798
851129 5799
851130 5800
851131 5801
851132 5802
851133 5803
851135 5804
851136 5805
851137 5806
851139 5807
851140 5808
851141 5809
851142 5810
851143 5811
851145 5812
851146 5813
851147 5814
851148 5815
851150 5816
851151 5817
851152 5818
851153 5819
851154 5820
851156 5821
851157 5822
851158 5823
851159 5824
851160 5825
851161 5826
851162 5827
851163 5828
851164 5829
851166 5830
851167 5831
851168 5832
851169 5833
851170 5834
851171 5835
851172 5836
851173 5837
851174 5838
851175 5839
851177 5840
851178 5841
851180 5842
851181 5843
851182 5844
851183 5845
851184 5846
851185 5847
851187 5848
851189 5849
851190 5850
851191 5851
851192 5852
851193 5853
851194 5854
851195 5855
851196 5856
851197 5857
851199 5858
851200 5859
851201 5860
851202 5861
851203 5862
851204 5863
851205 5864
851206 5865
851207 5866
851208 5867
851209 5868
851210 5869
851211 5870
851212 5871
851213 5872
851214 5873
851215 5874
851216 5875
851217 5876
851218 5877
851219 5878
851220 5879
851221 5880
851222 5881
851223 5882
851224 5883
851225 5884
851226 5885
851229 5886
851230 5887
851232 5888
851233 5889
851234 5890
851236 5891
851237 5892
851238 5893
851239 5894
851240 5895
851241 5896
851243 5897
851244 5898
851245 5899
851246 5900
851247 5901
851248 5902
851249 5903
851250 5904
851251 5905
851252 5906
851254 5907
851255 5908
851256 5909
851259 5910
851260 5911
851261 5912
851262 5913
851263 5914
851264 5915
851265 5916
851266 5917
851267 5918
851268 5919
851269 5920
100337511 5921
851271 5922
851272 5923
851273 5924
851274 5925
851275 5926
851276 5927
851277 5928
851279 5929
851280 5930
851281 5931
851282 5932
851284 5933
851285 5934
851286 5935
851289 5936
851292 5937
851293 5938
851294 5939
851295 5940
851296 5941
851299 5942
851302 5943
851303 5944
851304 5945
851306 5946
851307 5947
851308 5948
851309 5949
851310 5950
851311 5951
851312 5952
851313 5953
851314 5954
851315 5955
851317 5956
851318 5957
851319 5958
851320 5959
851321 5960
851322 5961
851323 5962
851324 5963
851325 5964
851326 5965
851327 5966
851328 5967
851329 5968
851330 5969
851332 5970
851333 5971
851334 5972
851335 5973
851336 5974
851337 5975
851338 5976
851339 5977
851340 5978
851342 5979
851344 5980
851345 5981
851346 5982
851347 5983
851348 5984
851350 5985
851351 5986
851352 5987
851353 5988
851354 5989
851356 5990
851358 5991
851359 5992
851360 5993
851361 5994
851362 5995
851363 5996
851364 5997
851365 5998
851366 5999
851367 6000
851368 6001
851369 6002
851371 6003
851372 6004
851373 6005
851374 6006
851375 6007
851376 6008
851377 6009
851378 6010
851379 6011
851380 6012
851381 6013
851383 6014
851384 6015
851385 6016
851386 6017
851387 6018
851388 6019
851389 6020
851391 6021
851392 6022
851394 6023
851395 6024
851396 6025
851398 6026
851399 6027
851400 6028
851401 6029
851403 6030
851404 6031
851406 6032
851407 6033
851408 6034
851409 6035
851410 6036
851411 6037
851412 6038
851413 6039
851414 6040
851415 6041
851416 6042
851417 6043
851418 6044
851419 6045
851420 6046
851421 6047
851422 6048
851423 6049
851424 6050
851425 6051
851426 6052
851427 6053
818660 6054
851429 6055
851430 6056
851431 6057
851432 6058
851433 6059
851434 6060
851435 6061
851436 6062
851437 6063
851439 6064
851440 6065
851441 6066
851442 6067
851444 6068
851445 6069
851446 6070
851447 6071
851448 6072
851449 6073
851450 6074
851451 6075
851452 6076
851453 6077
851454 6078
851455 6079
851456 6080
851457 6081
851458 6082
851459 6083
851460 6084
851461 6085
851462 6086
851464 6087
851466 6088
851467 6089
851468 6090
851469 6091
851470 6092
851471 6093
851472 6094
851473 6095
851474 6096
851475 6097
851476 6098
851477 6099
851478 6100
851479 6101
851480 6102
851481 6103
851482 6104
851483 6105
851484 6106
851485 6107
851486 6108
851487 6109
851488 6110
851491 6111
851492 6112
851493 6113
851494 6114
851495 6115
851497 6116
851498 6117
851499 6118
851500 6119
851501 6120
851502 6121
851503 6122
851504 6123
851505 6124
851506 6125
851507 6126
851508 6127
851509 6128
851511 6129
851512 6130
851513 6131
851514 6132
851515 6133
851516 6134
851517 6135
851518 6136
851520 6137
851521 6138
851522 6139
851524 6140
851525 6141
851527 6142
851529 6143
851530 6144
851531 6145
851532 6146
851533 6147
851535 6148
851536 6149
851537 6150
851539 6151
851541 6152
851542 6153
851543 6154
851544 6155
851545 6156
851547 6157
851548 6158
851549 6159
851550 6160
851551 6161
851554 6162
851555 6163
851557 6164
851558 6165
851559 6166
851560 6167
851561 6168
851562 6169
851563 6170
851564 6171
851565 6172
851566 6173
851567 6174
851568 6175
851569 6176
851570 6177
851572 6178
851574 6179
851575 6180
851576 6181
851577 6182
851579 6183
851580 6184
851581 6185
851582 6186
851583 6187
851584 6188
851585 6189
851587 6190
851589 6191
851590 6192
851591 6193
851592 6194
851594 6195
851595 6196
851596 6197
851597 6198
851598 6199
851599 6200
851600 6201
851602 6202
851603 6203
851604 6204
851605 6205
851606 6206
851607 6207
851608 6208
851609 6209
851610 6210
851611 6211
851612 6212
851613 6213
851614 6214
851615 6215
851616 6216
851617 6217
851618 6218
851620 6219
851621 6220
851623 6221
851624 6222
851625 6223
851626 6224
851627 6225
851628 6226
851629 6227
851630 6228
851631 6229
851632 6230
851633 6231
851634 6232
851635 6233
851636 6234
851637 6235
851638 6236
851639 6237
851640 6238
851641 6239
851642 6240
851643 6241
851644 6242
851645 6243
851646 6244
851647 6245
851648 6246
851649 6247
851650 6248
851651 6249
851652 6250
851653 6251
851654 6252
851655 6253
851656 6254
851657 6255
851658 6256
851659 6257
851660 6258
851661 6259
851662 6260
851663 6261
851664 6262
851665 6263
851666 6264
851667 6265
851670 6266
851671 6267
851672 6268
851673 6269
851674 6270
851675 6271
851676 6272
851677 6273
851678 6274
851680 6275
851681 6276
851682 6277
851683 6278
851685 6279
851686 6280
851687 6281
851688 6282
851690 6283
851691 6284
851692 6285
851693 6286
851694 6287
851695 6288
851696 6289
851697 6290
851698 6291
851699 6292
851700 6293
851701 6294
851702 6295
851703 6296
851704 6297
851705 6298
851706 6299
851707 6300
851708 6301
851709 6302
851710 6303
851712 6304
851713 6305
851714 6306
851716 6307
851717 6308
851718 6309
851719 6310
851720 6311
851721 6312
851722 6313
851723 6314
851724 6315
851725 6316
851726 6317
851727 6318
851729 6319
851730 6320
851731 6321
851733 6322
851734 6323
851736 6324
851737 6325
851738 6326
851739 6327
851740 6328
851741 6329
851742 6330
851743 6331
851744 6332
851745 6333
851746 6334
851747 6335
851748 6336
851749 6337
851750 6338
851751 6339
851752 6340
851753 6341
851754 6342
851755 6343
851756 6344
851757 6345
851758 6346
851759 6347
851760 6348
851761 6349
851762 6350
851763 6351
851764 6352
851765 6353
851766 6354
851767 6355
851768 6356
851770 6357
851771 6358
851772 6359
851774 6360
851775 6361
851776 6362
851777 6363
851778 6364
851779 6365
851781 6366
851782 6367
851784 6368
851785 6369
851786 6370
851787 6371
851788 6372
851789 6373
851790 6374
851792 6375
851793 6376
851794 6377
851795 6378
851797 6379
851798 6380
851799 6381
851800 6382
851802 6383
851803 6384
851804 6385
851805 6386
851807 6387
851808 6388
851809 6389
851810 6390
851811 6391
851812 6392
851813 6393
851814 6394
851815 6395
851817 6396
851818 6397
851819 6398
851820 6399
851821 6400
851822 6401
851823 6402
851824 6403
851825 6404
851827 6405
851828 6406
851829 6407
851830 6408
851831 6409
851832 6410
851833 6411
851834 6412
851835 6413
851836 6414
851838 6415
851839 6416
851840 6417
851841 6418
851842 6419
196483 6420
851843 6421
851844 6422
851845 6423
851846 6424
851847 6425
851848 6426
851850 6427
851851 6428
851852 6429
851853 6430
851855 6431
851856 6432
851857 6433
851858 6434
851859 6435
851860 6436
851861 6437
851862 6438
851865 6439
851866 6440
851868 6441
851869 6442
851870 6443
851871 6444
851873 6445
851874 6446
196513 6447
851875 6448
851877 6449
851878 6450
851879 6451
851876 6452
851881 6453
851882 6454
851880 6455
851884 6456
851885 6457
851886 6458
851887 6459
851888 6460
851889 6461
851890 6462
851891 6463
851892 6464
851893 6465
851894 6466
851895 6467
851896 6468
851897 6469
851898 6470
851899 6471
851900 6472
851902 6473
851903 6474
851904 6475
851905 6476
851906 6477
851907 6478
851908 6479
851909 6480
851910 6481
851911 6482
851912 6483
851913 6484
851914 6485
851915 6486
851916 6487
851917 6488
851918 6489
851919 6490
851920 6491
851921 6492
851922 6493
851923 6494
851924 6495
851925 6496
851926 6497
851928 6498
851929 6499
851930 6500
851931 6501
851932 6502
851933 6503
851934 6504
851935 6505
851936 6506
851937 6507
851938 6508
851939 6509
851942 6510
851943 6511
851944 6512
851946 6513
851947 6514
851948 6515
851949 6516
851950 6517
851951 6518
851952 6519
851953 6520
851954 6521
851955 6522
851956 6523
851957 6524
851959 6525
851960 6526
851962 6527
851963 6528
851964 6529
851965 6530
851967 6531